0 0.664736 0.452896 0.023867 0.035125
0 0.665275 0.429942 0.022987 0.031995
0 0.661411 0.410551 0.016432 0.029389
0 0.768237 0.235833 0.010094 0.040065
0 0.787956 0.188674 0.009625 0.042153
0 0.796408 0.185963 0.008919 0.038398
0 0.766887 0.176468 0.010211 0.038602
0 0.533563 0.189447 0.010797 0.038394
0 0.088335 0.459363 0.015492 0.040690
0 0.099029 0.431694 0.010682 0.027333
0 0.111482 0.395285 0.013943 0.044069
0 0.006686 0.284905 0.012253 0.042569
0 0.013095 0.286535 0.010987 0.030301
0 0.027956 0.264248 0.012818 0.037310
0 0.097678 0.238581 0.009294 0.036560
0 0.104368 0.207907 0.012534 0.039315
0 0.004861 0.242926 0.009049 0.034648
0 0.136258 0.107493 0.013943 0.037560
