0 0.887449 0.806461 0.014508 0.047329
0 0.631708 0.094150 0.014021 0.016810
0 0.629996 0.081183 0.010758 0.020431
0 0.681779 0.014762 0.008333 0.029523
0 0.489737 0.836280 0.011766 0.045792
0 0.481056 0.690692 0.012508 0.038162
0 0.491874 0.686035 0.012508 0.047477
0 0.511616 0.533236 0.013185 0.045676
0 0.085477 0.145648 0.011156 0.043269
0 0.134055 0.159894 0.013385 0.033537
0 0.123820 0.182377 0.008568 0.022745
0 0.125815 0.171109 0.014437 0.021912
0 0.144837 0.063963 0.006888 0.035870
0 0.112669 0.031201 0.008594 0.035310
0 0.116402 0.033456 0.007326 0.026292
0 0.127483 0.018338 0.009508 0.033389
0 0.148557 0.017817 0.010552 0.028588
