0 0.978121 0.624484 0.016336 0.033736
0 0.968126 0.596130 0.017935 0.048676
0 0.977928 0.585914 0.009820 0.040866
0 0.876599 0.572090 0.013031 0.045069
0 0.973357 0.252002 0.014844 0.041736
0 0.980448 0.260336 0.015005 0.024486
0 0.823117 0.357132 0.010568 0.041468
0 0.796043 0.289546 0.013112 0.040315
0 0.776257 0.313801 0.005503 0.020648
0 0.782169 0.310900 0.006458 0.024514
0 0.501065 0.566850 0.008943 0.041468
0 0.489404 0.470565 0.010859 0.041565
0 0.515292 0.384495 0.010156 0.045972
0 0.111284 0.033718 0.011151 0.035472
0 0.149809 0.063120 0.009742 0.018991
0 0.149867 0.053104 0.012677 0.017319
0 0.160197 0.044861 0.014555 0.030463
