0 0.351975 0.805738 0.018659 0.053005
0 0.365564 0.744079 0.016227 0.051565
0 0.470753 0.715773 0.014401 0.045796
0 0.494178 0.682958 0.012169 0.040028
0 0.375461 0.673870 0.015635 0.044574
0 0.367996 0.662727 0.007747 0.021287
0 0.364428 0.645299 0.006747 0.025042
0 0.367069 0.630431 0.006747 0.016870
0 0.416349 0.612053 0.009250 0.026394
0 0.439349 0.604479 0.013385 0.042403
0 0.339280 0.589289 0.018430 0.034431
0 0.455617 0.506192 0.010479 0.043569
0 0.857181 0.217616 0.008836 0.020731
0 0.784219 0.224616 0.009016 0.041815
0 0.781207 0.182111 0.008648 0.027824
0 0.684867 0.160424 0.009984 0.029829
0 0.334711 0.141204 0.013802 0.022287
