0 0.631523 0.090764 0.011250 0.020000
0 0.633770 0.105120 0.017044 0.022630
0 0.684669 0.019192 0.006359 0.031153
0 0.479534 0.709025 0.011641 0.024171
0 0.489315 0.705285 0.013792 0.047995
0 0.509238 0.546667 0.012560 0.045491
0 0.081635 0.154620 0.009859 0.039065
0 0.121629 0.194854 0.008721 0.024051
0 0.123242 0.182465 0.015813 0.026662
0 0.131230 0.169785 0.014508 0.033764
0 0.835366 0.482928 0.011565 0.036810
0 0.841753 0.545620 0.015625 0.025250
0 0.486965 0.861387 0.013185 0.047958
0 0.887337 0.827273 0.010310 0.047509
0 0.869503 0.573350 0.013099 0.041319
0 0.141388 0.073454 0.008016 0.035259
0 0.109988 0.039160 0.008966 0.034199
0 0.114268 0.041118 0.007417 0.025069
0 0.124824 0.025322 0.008315 0.032606
0 0.130285 0.036481 0.007987 0.015213
0 0.146954 0.026917 0.012143 0.026519
