0 0.463419 0.965838 0.015214 0.061000
0 0.667281 0.409769 0.022333 0.031880
0 0.667827 0.388991 0.022888 0.034083
0 0.663280 0.370123 0.013987 0.028347
0 0.765613 0.210593 0.009195 0.038602
0 0.795557 0.165553 0.008698 0.038394
0 0.784993 0.164551 0.010195 0.041176
0 0.763493 0.155616 0.010263 0.040213
0 0.538822 0.162991 0.011154 0.037259
0 0.011177 0.494706 0.019359 0.040958
0 0.013180 0.473079 0.018885 0.036593
0 0.023984 0.454012 0.020297 0.043912
0 0.107738 0.412852 0.013852 0.041111
0 0.119973 0.404389 0.007924 0.026083
0 0.117827 0.386525 0.009294 0.018032
0 0.126589 0.350708 0.011151 0.044444
0 0.214827 0.252600 0.009591 0.032773
0 0.027147 0.249424 0.011346 0.039125
0 0.032676 0.252032 0.009492 0.029389
0 0.047395 0.232225 0.010076 0.036690
0 0.076174 0.232056 0.010328 0.031509
0 0.021065 0.210148 0.011854 0.036519
0 0.118536 0.207829 0.009854 0.033556
0 0.122128 0.177387 0.012208 0.034431
0 0.171669 0.186083 0.009000 0.031981
0 0.164138 0.184509 0.006849 0.029213
0 0.157633 0.186333 0.007922 0.023130
0 0.150091 0.082153 0.011495 0.036083
