0 0.483618 0.773657 0.016430 0.058417
0 0.929139 0.916558 0.015492 0.047079
0 0.895694 0.871220 0.018779 0.034856
0 0.889642 0.791722 0.017445 0.041824
0 0.654163 0.278343 0.022107 0.031648
0 0.655483 0.261387 0.021227 0.028347
0 0.651656 0.243241 0.012958 0.023037
0 0.730891 0.125280 0.008917 0.036866
0 0.759095 0.083810 0.008346 0.036935
0 0.747586 0.083808 0.009036 0.039023
0 0.730396 0.080574 0.009635 0.035472
0 0.534430 0.085417 0.009172 0.038602
0 0.021474 0.299000 0.015042 0.041769
0 0.058322 0.355942 0.013690 0.033653
0 0.064069 0.340618 0.018424 0.039060
0 0.072181 0.326345 0.018424 0.039366
0 0.063398 0.156074 0.009000 0.039648
0 0.069414 0.159292 0.007922 0.026954
0 0.082207 0.139259 0.010076 0.037907
0 0.087589 0.156380 0.007990 0.016667
0 0.106908 0.139644 0.012388 0.027241
0 0.149568 0.091988 0.012208 0.035894
0 0.125562 0.077903 0.008802 0.020657
0 0.160484 0.127359 0.009625 0.026505
0 0.155177 0.270822 0.007161 0.027958
0 0.147111 0.290394 0.010206 0.035472
0 0.240107 0.320299 0.007948 0.024153
0 0.248120 0.318609 0.010401 0.033569
0 0.214605 0.161456 0.008451 0.017532
0 0.238799 0.150639 0.009156 0.030546
0 0.056100 0.120829 0.010466 0.032519
