0 0.482115 0.912444 0.015771 0.048806
0 0.475622 0.752074 0.012818 0.028546
0 0.485193 0.739803 0.011703 0.044569
0 0.506984 0.571609 0.011495 0.049579
0 0.876871 0.609491 0.011409 0.041815
0 0.847785 0.579942 0.016904 0.025292
0 0.842128 0.519914 0.012339 0.041745
0 0.633758 0.108130 0.012208 0.021287
0 0.637280 0.124199 0.019487 0.024620
0 0.689777 0.033308 0.007174 0.032912
0 0.075570 0.170065 0.009880 0.038259
0 0.887599 0.863618 0.017802 0.037403
0 0.125339 0.185086 0.019151 0.033088
0 0.114458 0.212778 0.011240 0.025250
0 0.117549 0.199903 0.017641 0.028028
0 0.133040 0.093227 0.012737 0.038296
0 0.105130 0.051602 0.009365 0.036963
0 0.109064 0.054264 0.005992 0.025639
0 0.120302 0.038116 0.011240 0.037296
0 0.125922 0.051266 0.011240 0.016319
0 0.143061 0.040611 0.013299 0.028972
