0 0.427457 0.948424 0.019607 0.054088
0 0.417316 0.984481 0.016227 0.027046
0 0.406549 0.860681 0.011156 0.030648
0 0.430889 0.856331 0.015211 0.040579
0 0.401141 0.829428 0.010479 0.034255
0 0.423098 0.801484 0.010310 0.026745
0 0.449296 0.797428 0.010648 0.028847
0 0.524694 0.873350 0.016451 0.047958
0 0.544076 0.831701 0.014198 0.040384
0 0.476813 0.755296 0.014198 0.037861
0 0.345785 0.764613 0.013185 0.050181
0 0.493555 0.623023 0.013031 0.042972
0 0.341324 0.217641 0.012716 0.021912
0 0.899779 0.291738 0.010516 0.023329
0 0.821678 0.303243 0.009872 0.042069
0 0.814902 0.255579 0.010341 0.040898
0 0.714397 0.231576 0.012253 0.030801
0 0.619714 0.066720 0.007672 0.029560
