0 0.474901 0.855803 0.016354 0.057625
0 0.907724 0.922706 0.019865 0.044690
0 0.661973 0.339530 0.022310 0.029449
0 0.663072 0.320898 0.021805 0.031250
0 0.656480 0.302720 0.014029 0.027347
0 0.749051 0.164884 0.010117 0.036806
0 0.777594 0.123669 0.008313 0.039060
0 0.766108 0.120164 0.009310 0.036060
0 0.745824 0.115907 0.009872 0.038565
0 0.537083 0.122609 0.008802 0.037356
0 0.037232 0.421646 0.019661 0.040171
0 0.040314 0.403650 0.019565 0.039301
0 0.049411 0.385738 0.017802 0.040347
0 0.128661 0.348907 0.012391 0.034491
0 0.138036 0.325648 0.010271 0.029130
0 0.225311 0.383060 0.007336 0.024519
0 0.234608 0.381493 0.010867 0.032866
0 0.142576 0.284206 0.012323 0.039440
0 0.204697 0.229021 0.008805 0.012606
0 0.227279 0.198787 0.007141 0.031130
0 0.046896 0.199532 0.009781 0.038083
0 0.052081 0.201968 0.009193 0.029037
0 0.065530 0.182491 0.010076 0.037389
0 0.092909 0.182493 0.011349 0.029736
0 0.040151 0.163155 0.010797 0.032551
0 0.140389 0.165303 0.011617 0.030468
0 0.135926 0.132067 0.010461 0.032606
0 0.183583 0.139609 0.007630 0.026431
0 0.177470 0.135350 0.006357 0.016866
0 0.160898 0.043854 0.010214 0.034431
