0 0.893667 0.280938 0.011932 0.025736
0 0.815664 0.292676 0.012901 0.040241
0 0.809701 0.244861 0.010708 0.031157
0 0.710587 0.222428 0.010352 0.029273
0 0.617025 0.058692 0.007018 0.029125
0 0.339945 0.206530 0.012422 0.024171
0 0.409729 0.968653 0.017490 0.042778
0 0.417478 0.918574 0.019602 0.049037
0 0.514878 0.851815 0.014875 0.045370
0 0.536767 0.812451 0.013690 0.042968
0 0.420764 0.826544 0.013352 0.031255
0 0.396510 0.833604 0.011495 0.026745
0 0.396003 0.801604 0.011495 0.028245
0 0.416874 0.776322 0.010107 0.020292
0 0.444629 0.774630 0.009372 0.030556
0 0.471354 0.735572 0.013661 0.041319
0 0.343212 0.735505 0.013852 0.041528
0 0.489376 0.606174 0.010466 0.042606
