0 0.466565 0.940104 0.021411 0.044069
0 0.439451 0.938225 0.010562 0.029301
0 0.424520 0.911431 0.010003 0.033806
0 0.447197 0.878002 0.010846 0.025542
0 0.470861 0.868736 0.009721 0.027546
0 0.551723 0.939660 0.016023 0.046153
0 0.568151 0.891701 0.013589 0.039662
0 0.500747 0.817708 0.015214 0.041769
0 0.358699 0.841653 0.013409 0.042907
0 0.508589 0.667889 0.012812 0.042778
0 0.918949 0.318007 0.011836 0.023745
0 0.839525 0.330764 0.012549 0.044324
0 0.832792 0.269213 0.009313 0.029546
0 0.728862 0.257456 0.010766 0.030690
0 0.627820 0.087850 0.007417 0.028838
0 0.346677 0.243965 0.012365 0.022458
