0 0.640964 0.684880 0.023495 0.031250
0 0.641329 0.491118 0.023768 0.031477
0 0.642357 0.469206 0.022302 0.033903
0 0.638082 0.448722 0.014086 0.028694
0 0.749064 0.252613 0.009945 0.037532
0 0.767332 0.204285 0.006690 0.039856
0 0.774786 0.203139 0.007510 0.037981
0 0.745911 0.192910 0.008922 0.041736
0 0.503986 0.215167 0.011128 0.039315
0 0.044079 0.522472 0.016237 0.039648
0 0.055426 0.491954 0.008607 0.025213
0 0.073505 0.453155 0.013104 0.037736
0 0.134258 0.378808 0.010422 0.033051
0 0.158715 0.354088 0.011737 0.027963
0 0.190008 0.258498 0.011740 0.023995
0 0.115491 0.265007 0.009404 0.040273
0 0.107397 0.264486 0.007044 0.038398
0 0.100413 0.268347 0.008805 0.034009
0 0.052482 0.278949 0.011443 0.033037
0 0.061814 0.252743 0.013008 0.035125
0 0.011937 0.315347 0.011641 0.031824
0 0.094161 0.145069 0.011932 0.037565
