0 0.455944 0.912884 0.018451 0.041315
0 0.427280 0.911382 0.011549 0.026792
0 0.416069 0.881785 0.012576 0.029208
0 0.441124 0.852759 0.008326 0.025963
0 0.463126 0.844285 0.008924 0.029208
0 0.354283 0.811442 0.017039 0.038940
0 0.542240 0.916750 0.014375 0.048074
0 0.559432 0.873030 0.013859 0.040866
0 0.492382 0.798479 0.018086 0.045375
0 0.503590 0.654338 0.013794 0.044009
0 0.344671 0.235831 0.012716 0.021449
0 0.912658 0.309611 0.009789 0.023907
0 0.833411 0.320750 0.012375 0.043269
0 0.826516 0.261255 0.008318 0.025963
0 0.724349 0.249699 0.010563 0.032185
0 0.625083 0.079986 0.008422 0.027657
