0 0.371207 0.872639 0.018763 0.048074
0 0.380419 0.815095 0.013859 0.048977
0 0.373566 0.736757 0.010326 0.028486
0 0.385939 0.736398 0.011581 0.038583
0 0.376711 0.704125 0.009755 0.028130
0 0.337099 0.650745 0.015479 0.042056
0 0.426911 0.677736 0.011682 0.031657
0 0.451594 0.657755 0.014896 0.046731
0 0.485766 0.770174 0.014313 0.043097
0 0.508986 0.734083 0.016940 0.044657
0 0.468142 0.547590 0.011690 0.043069
0 0.335275 0.168426 0.013945 0.022787
0 0.797250 0.254076 0.011708 0.043273
0 0.871284 0.244093 0.011094 0.021639
0 0.789223 0.219484 0.010596 0.020579
0 0.693812 0.186653 0.009714 0.029343
0 0.607221 0.028861 0.006859 0.027648
