0 0.425999 0.528106 0.010914 0.047787
0 0.451803 0.517993 0.012253 0.044069
0 0.527788 0.515213 0.013185 0.042907
0 0.555520 0.491438 0.010956 0.038606
0 0.473720 0.469639 0.018591 0.042315
0 0.442240 0.452736 0.007464 0.030046
0 0.424703 0.444347 0.009859 0.024287
0 0.434730 0.412021 0.011268 0.038810
0 0.448323 0.434181 0.006339 0.024037
0 0.469171 0.409766 0.006055 0.022282
0 0.516638 0.419032 0.010844 0.038815
0 0.528383 0.343065 0.013016 0.039981
0 0.875986 0.131380 0.013451 0.039417
0 0.882783 0.045486 0.007992 0.021287
0 0.781108 0.063852 0.009383 0.030722
0 0.946813 0.133706 0.010099 0.022394
