0 0.479510 0.807245 0.018010 0.048463
0 0.535923 0.099683 0.009685 0.037384
0 0.652667 0.267176 0.013146 0.028796
0 0.657009 0.285123 0.021596 0.031718
0 0.657714 0.301713 0.021833 0.029843
0 0.737930 0.139620 0.007323 0.039065
0 0.766171 0.099301 0.009154 0.036565
0 0.755400 0.097176 0.009305 0.035806
0 0.737296 0.095674 0.010284 0.039310
0 0.938661 0.971171 0.016198 0.045574
0 0.902225 0.920845 0.020867 0.035069
0 0.896366 0.845262 0.016315 0.047995
0 0.011957 0.324813 0.015492 0.044866
0 0.049460 0.381863 0.012206 0.036514
0 0.053919 0.366840 0.016432 0.040273
0 0.062430 0.349623 0.018661 0.042986
0 0.056197 0.173213 0.009154 0.039231
0 0.062125 0.176655 0.007865 0.034014
0 0.075447 0.155266 0.011971 0.031718
0 0.101988 0.158176 0.013945 0.035056
0 0.152753 0.143551 0.011323 0.031852
0 0.143737 0.109720 0.011974 0.036810
0 0.119299 0.089438 0.008453 0.020782
0 0.049508 0.138826 0.010562 0.032866
0 0.167035 0.022875 0.011492 0.038463
0 0.234561 0.169063 0.006930 0.029449
0 0.210305 0.186942 0.010141 0.021940
0 0.140427 0.310519 0.011151 0.031296
0 0.150875 0.292366 0.011385 0.028380
0 0.243173 0.342569 0.009487 0.038972
0 0.234859 0.343264 0.005380 0.027843
