0 0.374059 0.591611 0.016492 0.039815
0 0.397673 0.569125 0.013945 0.045324
0 0.482289 0.563708 0.013859 0.044472
0 0.507475 0.537412 0.012508 0.041167
0 0.409659 0.512264 0.024677 0.042972
0 0.389884 0.502347 0.009466 0.028546
0 0.377039 0.494685 0.007437 0.026444
0 0.381066 0.460850 0.012253 0.046079
0 0.425647 0.459975 0.007607 0.025792
0 0.461579 0.465007 0.018029 0.042069
0 0.476128 0.385044 0.010953 0.042190
0 0.813164 0.145486 0.012526 0.041167
0 0.882375 0.142218 0.009536 0.023907
0 0.816154 0.068824 0.006370 0.019130
0 0.717711 0.083394 0.009786 0.028500
