0 0.487633 0.714664 0.014401 0.068514
0 0.442293 0.983130 0.022638 0.033741
0 0.532607 0.062896 0.009016 0.042069
0 0.916063 0.832900 0.016307 0.047597
0 0.879701 0.719683 0.014714 0.043273
0 0.651094 0.240356 0.019401 0.029565
0 0.652211 0.224662 0.019969 0.028546
0 0.647687 0.208796 0.011901 0.023185
0 0.721939 0.099333 0.009096 0.034083
0 0.748892 0.059947 0.007346 0.035301
0 0.736714 0.058817 0.009401 0.036866
0 0.721895 0.057600 0.009107 0.036866
0 0.036337 0.268278 0.018451 0.045074
0 0.073025 0.318692 0.010565 0.029838
0 0.076077 0.303979 0.017372 0.037144
0 0.084758 0.289894 0.016891 0.039019
0 0.073841 0.127088 0.008932 0.042148
0 0.078651 0.130947 0.005875 0.029005
0 0.091617 0.111856 0.008568 0.034222
0 0.097949 0.125627 0.006680 0.016690
0 0.115974 0.113630 0.012443 0.025667
0 0.156018 0.067477 0.011167 0.032898
0 0.135685 0.058201 0.007182 0.021301
0 0.222845 0.129403 0.009742 0.020241
0 0.246027 0.118866 0.008216 0.023787
0 0.162523 0.237981 0.012031 0.027648
