0 0.467138 0.919623 0.027042 0.058292
0 0.664885 0.380611 0.021479 0.032139
0 0.666212 0.360581 0.021716 0.031718
0 0.661341 0.342111 0.013146 0.027750
0 0.758352 0.190141 0.008484 0.036375
0 0.788279 0.148465 0.009943 0.037819
0 0.777392 0.147016 0.009544 0.039273
0 0.757099 0.139120 0.010026 0.037389
0 0.537424 0.147977 0.009693 0.037565
0 0.021770 0.465521 0.020070 0.039856
0 0.024645 0.443400 0.020893 0.035681
0 0.034212 0.424204 0.018898 0.039019
0 0.116750 0.388600 0.014932 0.039560
0 0.125836 0.365435 0.009438 0.027796
0 0.133229 0.323720 0.011974 0.047829
0 0.219085 0.231097 0.008206 0.032806
0 0.177008 0.168245 0.008083 0.032120
0 0.169671 0.164201 0.005638 0.024032
0 0.162742 0.163597 0.008083 0.019926
0 0.126380 0.191306 0.009964 0.029889
0 0.034882 0.228572 0.011034 0.040690
0 0.040516 0.230660 0.009625 0.029421
0 0.055457 0.211998 0.013586 0.036468
0 0.028695 0.190562 0.013177 0.037560
0 0.127694 0.158174 0.012674 0.036560
0 0.153993 0.065565 0.009977 0.036167
0 0.082397 0.211637 0.010664 0.029829
