0 0.478448 0.965137 0.012677 0.050292
0 0.472510 0.796194 0.013891 0.028519
0 0.479552 0.777155 0.018583 0.040171
0 0.889404 0.912326 0.016620 0.043569
0 0.884474 0.646169 0.013099 0.043319
0 0.855430 0.616921 0.020000 0.029046
0 0.849822 0.552942 0.013878 0.041468
0 0.639572 0.153995 0.020987 0.023537
0 0.641332 0.141222 0.020565 0.027046
0 0.637811 0.126074 0.013523 0.023287
0 0.695458 0.043972 0.007161 0.031509
0 0.697747 0.013611 0.007995 0.026296
0 0.707313 0.012049 0.008333 0.022745
0 0.716762 0.011944 0.008216 0.022537
0 0.527803 0.013090 0.008591 0.023542
0 0.505323 0.598194 0.014198 0.049880
0 0.069849 0.188301 0.011156 0.041167
0 0.108057 0.231227 0.010760 0.027824
0 0.111105 0.218634 0.016383 0.029269
0 0.118775 0.202523 0.015352 0.031157
0 0.125305 0.110028 0.011443 0.038954
0 0.100790 0.065854 0.008471 0.035792
0 0.105561 0.068463 0.007581 0.026806
0 0.116281 0.052016 0.008151 0.034634
0 0.122431 0.063824 0.006122 0.018000
0 0.139478 0.053236 0.013497 0.025389
0 0.175107 0.012928 0.010422 0.025819
0 0.184342 0.156875 0.009534 0.024880
