0 0.991053 0.734505 0.016227 0.043269
0 0.980458 0.701153 0.010073 0.046602
0 0.991504 0.690023 0.009310 0.045213
0 0.880815 0.669914 0.015635 0.047079
0 0.842892 0.440442 0.010211 0.038606
0 0.812445 0.361539 0.008594 0.031551
0 0.815603 0.417269 0.010263 0.017750
0 0.498530 0.680074 0.009148 0.045074
0 0.492271 0.566201 0.015734 0.050181
0 0.517262 0.450632 0.012508 0.045375
0 0.620272 0.044257 0.012560 0.015023
0 0.619215 0.030484 0.010445 0.012940
0 0.619098 0.021824 0.010680 0.019824
0 0.102680 0.085241 0.010094 0.036935
0 0.141357 0.120400 0.009505 0.025042
0 0.141592 0.105479 0.012560 0.016486
0 0.151040 0.095882 0.011971 0.030671
