0 0.463013 0.941648 0.025016 0.052583
0 0.665626 0.395975 0.022904 0.033616
0 0.666361 0.375035 0.021602 0.034921
0 0.662391 0.355558 0.012958 0.025940
0 0.761057 0.200532 0.009625 0.036231
0 0.790986 0.155856 0.009211 0.036806
0 0.781122 0.154833 0.010026 0.038278
0 0.759521 0.148609 0.011818 0.039995
0 0.538099 0.156373 0.011615 0.036514
0 0.016723 0.479667 0.020424 0.039231
0 0.019010 0.461410 0.020542 0.040273
0 0.028930 0.437831 0.020422 0.039023
0 0.112514 0.401583 0.015143 0.039648
0 0.122668 0.376752 0.012440 0.030884
0 0.130806 0.338169 0.014367 0.048079
0 0.217212 0.241912 0.009977 0.034083
0 0.174100 0.176771 0.007836 0.030606
0 0.167009 0.174336 0.006565 0.025736
0 0.122293 0.199588 0.008919 0.030676
0 0.124609 0.168065 0.012677 0.035056
0 0.090773 0.140144 0.008969 0.020287
0 0.151560 0.073345 0.009589 0.036181
0 0.079565 0.222201 0.009443 0.029829
0 0.051003 0.221236 0.011141 0.036833
0 0.030934 0.238641 0.010956 0.039125
0 0.036314 0.241424 0.009195 0.029384
0 0.024154 0.199081 0.009766 0.038606
