0 0.481674 0.791664 0.015333 0.057986
0 0.933911 0.944479 0.016922 0.048079
0 0.897078 0.898282 0.019958 0.045870
0 0.891661 0.819611 0.020714 0.055454
0 0.655938 0.290542 0.022068 0.028380
0 0.655585 0.272491 0.021831 0.029009
0 0.651887 0.256632 0.013732 0.023162
0 0.734824 0.131933 0.009169 0.035310
0 0.762995 0.091868 0.010016 0.036810
0 0.751163 0.090366 0.009169 0.035306
0 0.733839 0.086984 0.010859 0.036560
0 0.535102 0.092947 0.007542 0.038282
0 0.015535 0.312336 0.015820 0.045792
0 0.053159 0.371472 0.010750 0.031370
0 0.058331 0.353979 0.017849 0.034625
0 0.066954 0.339380 0.017654 0.039306
0 0.144737 0.302611 0.011974 0.035056
0 0.153400 0.282326 0.009013 0.029551
0 0.060767 0.164250 0.010367 0.038259
0 0.065608 0.167641 0.008706 0.030431
0 0.078862 0.148252 0.010172 0.038255
0 0.104521 0.149465 0.012443 0.029218
0 0.145862 0.100488 0.011505 0.035264
0 0.156367 0.135338 0.008802 0.029009
0 0.123044 0.083900 0.008568 0.021282
0 0.168422 0.017167 0.010328 0.033806
0 0.211742 0.173373 0.008734 0.020282
0 0.235757 0.160854 0.008029 0.027292
0 0.236707 0.332178 0.006846 0.024690
0 0.245310 0.331553 0.010964 0.034949
