0 0.885954 0.762215 0.013612 0.043273
0 0.990725 0.806586 0.017326 0.048329
0 0.859311 0.520044 0.012581 0.040745
0 0.832346 0.495472 0.014672 0.023648
0 0.825730 0.438627 0.010003 0.042153
0 0.627346 0.064111 0.011641 0.021907
0 0.627492 0.074979 0.011932 0.014431
0 0.493044 0.788898 0.010750 0.046519
0 0.493286 0.652454 0.011563 0.050843
0 0.484565 0.645780 0.010344 0.028847
0 0.514137 0.508759 0.012779 0.046519
0 0.091094 0.127602 0.010370 0.038083
0 0.129243 0.165516 0.009977 0.027542
0 0.130117 0.151639 0.012219 0.020657
0 0.139625 0.142769 0.011281 0.034639
0 0.153493 0.039602 0.008805 0.024000
0 0.120393 0.019465 0.007865 0.025458
0 0.116227 0.016648 0.009156 0.032343
