0 0.347826 0.784400 0.019719 0.052088
0 0.364445 0.722551 0.016901 0.051583
0 0.468785 0.697706 0.015414 0.045792
0 0.490082 0.663993 0.013388 0.040384
0 0.437549 0.584965 0.016307 0.041106
0 0.413695 0.591674 0.009005 0.026829
0 0.376699 0.654412 0.020201 0.046731
0 0.369245 0.638725 0.007130 0.017310
0 0.361866 0.630644 0.006591 0.028991
0 0.362240 0.612523 0.006521 0.017630
0 0.339527 0.571093 0.016081 0.036519
0 0.453221 0.493007 0.010745 0.043838
0 0.854020 0.207028 0.009284 0.023046
0 0.781130 0.213111 0.007479 0.040694
0 0.779928 0.168833 0.006221 0.026917
0 0.682682 0.149845 0.010328 0.029634
