0 0.611143 0.760738 0.020542 0.029736
0 0.610263 0.739525 0.020932 0.029042
0 0.608738 0.531514 0.023867 0.029037
0 0.608345 0.509340 0.024258 0.030606
0 0.603749 0.488475 0.013888 0.027477
0 0.715938 0.268968 0.008812 0.037389
0 0.729470 0.219549 0.008607 0.041384
0 0.736513 0.216678 0.007042 0.039819
0 0.709712 0.204940 0.008997 0.041389
0 0.462142 0.244884 0.010857 0.038954
0 0.077945 0.439296 0.012979 0.037861
0 0.044900 0.329278 0.013664 0.038315
0 0.050393 0.321014 0.008875 0.038315
0 0.058633 0.320889 0.009578 0.039565
0 0.005736 0.314116 0.010862 0.032574
0 0.136926 0.313991 0.011247 0.033389
0 0.035844 0.194662 0.013615 0.037769
