0 0.588647 0.800493 0.023378 0.028171
0 0.588500 0.778407 0.020542 0.027824
0 0.584646 0.560468 0.025823 0.032519
0 0.583980 0.536678 0.025237 0.032347
0 0.578063 0.515637 0.013401 0.026782
0 0.690415 0.278634 0.008570 0.037352
0 0.701345 0.228660 0.007336 0.041875
0 0.708518 0.224167 0.008151 0.037241
0 0.682018 0.211067 0.009047 0.039412
0 0.431996 0.266993 0.011435 0.042366
0 0.034561 0.483171 0.014086 0.041731
0 0.048404 0.503951 0.012031 0.026255
0 0.016053 0.363854 0.011857 0.040690
0 0.007250 0.363437 0.008802 0.038190
0 0.096910 0.355282 0.015820 0.038222
