0 0.987155 0.764090 0.018086 0.045699
0 0.996926 0.744164 0.006148 0.029634
0 0.881379 0.724215 0.018898 0.042356
0 0.852099 0.488255 0.011495 0.039667
0 0.826661 0.465417 0.015719 0.025241
0 0.819098 0.406581 0.008638 0.034856
0 0.624117 0.047558 0.011052 0.019477
0 0.624362 0.057556 0.011740 0.014435
0 0.496065 0.744060 0.011661 0.043574
0 0.494082 0.617530 0.010758 0.045560
0 0.485220 0.611998 0.007826 0.031301
0 0.514875 0.487868 0.009250 0.051060
0 0.096937 0.112618 0.011156 0.041468
0 0.135405 0.148132 0.009039 0.025458
0 0.134936 0.134361 0.011857 0.018778
0 0.145089 0.125181 0.010094 0.034639
