0 0.449583 0.989940 0.013401 0.020120
0 0.444154 0.962405 0.024260 0.039819
0 0.913958 0.810310 0.013802 0.043639
0 0.876918 0.701269 0.012690 0.044593
0 0.650055 0.229965 0.019464 0.029560
0 0.650201 0.214312 0.019953 0.028171
0 0.646729 0.197794 0.011250 0.021912
0 0.718598 0.092667 0.009169 0.034056
0 0.744299 0.053289 0.008078 0.034634
0 0.733457 0.052273 0.008242 0.037824
0 0.718661 0.053796 0.007833 0.038259
0 0.531680 0.055081 0.009401 0.036727
0 0.489599 0.696562 0.013510 0.057384
0 0.038370 0.255961 0.012797 0.042171
0 0.077827 0.306495 0.012227 0.031648
0 0.082129 0.292845 0.014966 0.033560
0 0.089367 0.279801 0.017313 0.037037
0 0.082988 0.184417 0.014367 0.040565
0 0.076891 0.119856 0.009396 0.038778
0 0.082365 0.123245 0.007630 0.027472
0 0.094932 0.106417 0.010448 0.037352
0 0.117117 0.103701 0.014672 0.028588
0 0.158280 0.059926 0.009273 0.034222
0 0.137445 0.051683 0.009391 0.023162
0 0.224480 0.119729 0.006846 0.016810
0 0.247466 0.111833 0.007010 0.024491
0 0.165781 0.228991 0.010562 0.027546
0 0.251842 0.267560 0.008695 0.022704
0 0.260055 0.267551 0.010661 0.034620
