0 0.874038 0.550551 0.015414 0.046880
0 0.964857 0.568437 0.018880 0.044171
0 0.974982 0.560785 0.009781 0.043125
0 0.964230 0.232729 0.016872 0.038838
0 0.972063 0.240845 0.014906 0.024921
0 0.817493 0.336046 0.010576 0.037731
0 0.790732 0.270363 0.014021 0.041875
0 0.776758 0.290718 0.006562 0.026630
0 0.500103 0.539650 0.011549 0.043069
0 0.489078 0.446750 0.010026 0.040574
0 0.513264 0.368563 0.011247 0.042431
0 0.113582 0.021525 0.011346 0.036171
0 0.151220 0.049537 0.008216 0.018259
0 0.150457 0.040079 0.010982 0.016704
0 0.161026 0.030549 0.012365 0.030866
