0 0.943509 0.988836 0.015747 0.021560
0 0.905363 0.947384 0.020284 0.034556
0 0.899517 0.869910 0.019898 0.046153
0 0.658094 0.314648 0.022536 0.028556
0 0.658587 0.296875 0.020424 0.028046
0 0.655559 0.278845 0.013805 0.024542
0 0.741829 0.148914 0.009138 0.035069
0 0.770525 0.106938 0.008451 0.036310
0 0.759082 0.106428 0.009508 0.038625
0 0.739773 0.102025 0.009156 0.039005
0 0.535853 0.107162 0.008294 0.035759
0 0.477158 0.825074 0.016294 0.053222
0 0.008591 0.333190 0.015380 0.039065
0 0.047850 0.395294 0.018258 0.037968
0 0.049439 0.381817 0.017362 0.040866
0 0.058661 0.361581 0.018031 0.041319
0 0.137388 0.324498 0.012208 0.037144
0 0.145792 0.305574 0.008422 0.027824
0 0.231948 0.357100 0.007833 0.025042
0 0.239871 0.355968 0.011357 0.034602
0 0.053543 0.182183 0.009508 0.039856
0 0.058826 0.185734 0.008568 0.028171
0 0.072677 0.165178 0.010682 0.037560
0 0.098961 0.166389 0.012677 0.029046
0 0.141836 0.115532 0.011833 0.034556
0 0.148949 0.149711 0.009154 0.029801
0 0.116270 0.096120 0.008029 0.023778
0 0.045335 0.146218 0.007977 0.032315
0 0.207552 0.200204 0.010937 0.021630
0 0.232022 0.179396 0.007727 0.030606
