0 0.713652 0.039382 0.008451 0.032968
0 0.726798 0.039176 0.008451 0.034639
0 0.737949 0.040322 0.008451 0.034431
0 0.712302 0.078509 0.007630 0.035269
0 0.644685 0.178248 0.012422 0.023301
0 0.648352 0.194961 0.018682 0.026606
0 0.648108 0.210262 0.020737 0.025912
0 0.906048 0.767160 0.013352 0.049282
0 0.868973 0.659197 0.015398 0.038162
0 0.457789 0.941171 0.014182 0.024000
0 0.451531 0.912477 0.024865 0.044176
0 0.493723 0.676366 0.014581 0.051991
0 0.530801 0.041986 0.008831 0.034056
0 0.143215 0.040993 0.007924 0.020171
0 0.163316 0.047514 0.012716 0.033565
0 0.124807 0.092620 0.011005 0.025796
0 0.123259 0.100009 0.006930 0.017389
0 0.101413 0.091532 0.011331 0.034630
0 0.106060 0.093632 0.005625 0.013912
0 0.083766 0.106023 0.009292 0.036083
0 0.088460 0.109421 0.006680 0.025361
0 0.093693 0.164009 0.013240 0.039565
0 0.048732 0.236102 0.021833 0.040815
0 0.087298 0.287861 0.011549 0.031806
0 0.090044 0.271961 0.014510 0.031051
0 0.097016 0.259942 0.016339 0.035560
0 0.170007 0.209137 0.007826 0.024505
0 0.229488 0.101750 0.006945 0.015130
