0 0.100293 0.154981 0.014086 0.037037
0 0.902215 0.744692 0.015086 0.046051
0 0.866327 0.641322 0.015029 0.041106
0 0.646691 0.199361 0.019727 0.025796
0 0.647508 0.185160 0.019891 0.025218
0 0.643595 0.169727 0.010924 0.021880
0 0.709703 0.073412 0.006479 0.035056
0 0.734103 0.033336 0.007180 0.033764
0 0.722650 0.032539 0.006935 0.035069
0 0.710831 0.036090 0.007260 0.035505
0 0.530495 0.035794 0.007276 0.032968
0 0.495634 0.659516 0.014086 0.049079
0 0.461292 0.916248 0.017797 0.030431
0 0.453104 0.885252 0.023172 0.040569
0 0.052730 0.230257 0.015258 0.042153
0 0.090102 0.276782 0.010583 0.024250
0 0.092197 0.260782 0.010924 0.022843
0 0.102228 0.250100 0.017747 0.032051
0 0.086893 0.098796 0.009781 0.037389
0 0.092077 0.101576 0.008216 0.029042
0 0.103717 0.082796 0.009195 0.036343
0 0.108750 0.087231 0.004802 0.019130
0 0.126557 0.093313 0.007531 0.020505
0 0.127388 0.085146 0.011151 0.024347
0 0.164111 0.039655 0.011268 0.032551
0 0.144625 0.035583 0.008922 0.019407
0 0.080326 0.062495 0.011094 0.023046
0 0.230995 0.093944 0.007042 0.014778
0 0.253540 0.085512 0.007727 0.017042
0 0.172173 0.201856 0.009977 0.027546
