0 0.120708 0.119565 0.012396 0.039315
0 0.884660 0.939595 0.018430 0.044236
0 0.888135 0.663984 0.011542 0.041384
0 0.857908 0.632873 0.016581 0.025116
0 0.853354 0.567787 0.013031 0.036056
0 0.642465 0.163660 0.019857 0.026606
0 0.643051 0.150095 0.018685 0.025912
0 0.638815 0.134095 0.011932 0.022782
0 0.698115 0.048905 0.007052 0.032690
0 0.700370 0.016528 0.008120 0.032315
0 0.710738 0.013308 0.007924 0.026606
0 0.720081 0.014352 0.008802 0.027648
0 0.475667 0.984815 0.010448 0.029630
0 0.470035 0.818977 0.014086 0.030954
0 0.475174 0.796282 0.013786 0.038778
0 0.502496 0.608720 0.013206 0.048690
0 0.528547 0.015539 0.007609 0.030912
0 0.064772 0.196826 0.010799 0.040903
0 0.105073 0.240546 0.010026 0.027824
0 0.108130 0.226921 0.015000 0.026083
0 0.116501 0.211810 0.016435 0.030954
0 0.183079 0.167215 0.007982 0.027542
0 0.097986 0.072940 0.007831 0.036519
0 0.103240 0.075042 0.007094 0.025648
0 0.119542 0.069463 0.007745 0.016231
0 0.136012 0.059609 0.011648 0.025505
0 0.114202 0.059391 0.009617 0.034921
0 0.151583 0.016796 0.007745 0.022537
0 0.172865 0.016419 0.008594 0.030801
