0 0.667603 0.438271 0.022398 0.032347
0 0.668698 0.417648 0.021714 0.029907
0 0.663807 0.396521 0.013109 0.026606
0 0.769702 0.226190 0.010565 0.036343
0 0.798629 0.181324 0.009034 0.040574
0 0.789797 0.180600 0.009854 0.040088
0 0.767672 0.170493 0.009865 0.040144
0 0.537130 0.182463 0.011250 0.038111
0 0.011604 0.481463 0.021479 0.039648
0 0.096353 0.443109 0.014320 0.037356
0 0.106974 0.415356 0.007396 0.024417
0 0.118948 0.378130 0.012677 0.042778
0 0.206500 0.276213 0.008453 0.031509
0 0.164326 0.209713 0.007161 0.037148
0 0.156871 0.207623 0.007982 0.032134
0 0.149947 0.208560 0.008919 0.026083
0 0.106495 0.226611 0.009859 0.032056
0 0.113609 0.197313 0.013380 0.036560
0 0.065859 0.253053 0.012255 0.032551
0 0.037406 0.253306 0.011974 0.040065
0 0.015857 0.270458 0.012255 0.040815
0 0.022405 0.274463 0.008451 0.030796
0 0.010855 0.230525 0.013523 0.038579
0 0.142638 0.098241 0.011740 0.037389
