0 0.345464 0.758843 0.016396 0.055889
0 0.363466 0.696794 0.014198 0.045375
0 0.464221 0.676479 0.013182 0.044171
0 0.487293 0.645824 0.013013 0.038778
0 0.436211 0.567574 0.015495 0.039815
0 0.410576 0.572331 0.010422 0.025792
0 0.377600 0.631956 0.020445 0.044134
0 0.370055 0.616595 0.010224 0.022931
0 0.359937 0.611847 0.009047 0.028398
0 0.359358 0.594023 0.007826 0.014343
0 0.340516 0.556303 0.012818 0.042819
0 0.451775 0.477502 0.011268 0.042819
0 0.851100 0.197940 0.009456 0.023194
0 0.779689 0.201963 0.009128 0.040537
0 0.779181 0.155704 0.008112 0.029750
0 0.681672 0.141389 0.009490 0.029565
