0 0.364348 0.851569 0.017648 0.049398
0 0.375198 0.792794 0.017849 0.052282
0 0.381660 0.717704 0.017148 0.043194
0 0.370809 0.712697 0.009508 0.023579
0 0.371488 0.684137 0.010003 0.027042
0 0.377897 0.672350 0.007888 0.024005
0 0.337059 0.632118 0.014477 0.043644
0 0.422501 0.653470 0.010367 0.024171
0 0.446661 0.641299 0.012714 0.046431
0 0.481563 0.753380 0.015010 0.045435
0 0.503352 0.717396 0.012432 0.039477
0 0.463703 0.532676 0.010516 0.041315
0 0.791766 0.245380 0.011167 0.041009
0 0.866064 0.235019 0.010523 0.021556
0 0.785893 0.209956 0.009849 0.020125
0 0.690470 0.178187 0.009237 0.030069
0 0.605926 0.022106 0.008039 0.025157
0 0.334120 0.159009 0.013099 0.023787
