0 0.504703 0.492762 0.015719 0.045671
0 0.542057 0.495769 0.013693 0.051083
0 0.567585 0.455683 0.010424 0.045856
0 0.610224 0.489877 0.013016 0.043273
0 0.638113 0.473201 0.010310 0.038764
0 0.599612 0.398600 0.011151 0.041468
0 0.513203 0.416269 0.007099 0.026324
0 0.529385 0.420012 0.006807 0.030051
0 0.526035 0.408014 0.005294 0.024833
0 0.546118 0.387331 0.008591 0.025792
0 0.522167 0.369676 0.016214 0.034056
0 0.617878 0.328343 0.010682 0.040898
0 0.987190 0.159785 0.011141 0.041542
0 0.893184 0.084819 0.007982 0.029083
