0 0.379711 0.897620 0.024562 0.045426
0 0.386720 0.840294 0.012982 0.049782
0 0.392311 0.756079 0.013852 0.031093
0 0.377464 0.761088 0.008802 0.027333
0 0.381865 0.726449 0.011740 0.026083
0 0.392546 0.709648 0.008919 0.023370
0 0.430565 0.697921 0.008802 0.025250
0 0.455820 0.677111 0.012339 0.041769
0 0.492495 0.789549 0.014604 0.046153
0 0.515618 0.753488 0.012982 0.040384
0 0.336574 0.667882 0.015482 0.043097
0 0.473673 0.560250 0.011357 0.045796
0 0.336013 0.177194 0.012323 0.022602
0 0.876001 0.252613 0.011055 0.023477
0 0.800483 0.264280 0.013497 0.040690
0 0.793734 0.226199 0.009625 0.022120
0 0.697555 0.194053 0.009292 0.029273
0 0.609788 0.036343 0.007643 0.026917
