0 0.405359 0.545970 0.014604 0.047236
0 0.428685 0.531549 0.011766 0.047958
0 0.509253 0.528461 0.012828 0.043069
0 0.535807 0.503294 0.012677 0.038810
0 0.446710 0.481403 0.012169 0.039361
0 0.421018 0.467280 0.009464 0.031551
0 0.404453 0.458718 0.007776 0.026444
0 0.414089 0.425211 0.013182 0.042968
0 0.429977 0.447750 0.010479 0.022537
0 0.451443 0.421755 0.008792 0.025241
0 0.493868 0.431370 0.012846 0.038463
0 0.507336 0.353905 0.011250 0.038949
0 0.849971 0.129461 0.013812 0.040384
0 0.921470 0.130181 0.011987 0.023796
0 0.855063 0.045799 0.007630 0.016486
0 0.755534 0.064863 0.010109 0.026662
