0 0.446587 0.514250 0.010565 0.045074
0 0.474758 0.510074 0.012911 0.044657
0 0.548411 0.508748 0.012339 0.042366
0 0.576772 0.485646 0.012372 0.043273
0 0.497971 0.464912 0.015417 0.045074
0 0.538741 0.412086 0.010143 0.040384
0 0.464302 0.442375 0.008115 0.032454
0 0.446048 0.433000 0.009331 0.024519
0 0.456592 0.401088 0.013393 0.042185
0 0.467852 0.422363 0.006693 0.020551
0 0.488134 0.400007 0.007909 0.024884
0 0.550609 0.338822 0.010818 0.041468
0 0.903602 0.137213 0.013812 0.039306
0 0.911915 0.050491 0.008539 0.024519
0 0.977182 0.140382 0.012422 0.024866
0 0.808819 0.068819 0.008805 0.027824
