0 0.599749 0.780102 0.023997 0.030315
0 0.599038 0.758069 0.023049 0.028065
0 0.596548 0.545132 0.025388 0.028458
0 0.596615 0.522833 0.024062 0.033176
0 0.590978 0.501363 0.014872 0.028292
0 0.703341 0.275752 0.009547 0.039606
0 0.715583 0.225231 0.010229 0.042435
0 0.722517 0.218361 0.008185 0.037185
0 0.696714 0.208560 0.011141 0.042231
0 0.446818 0.255225 0.010641 0.041199
0 0.022940 0.350826 0.013734 0.037190
0 0.029232 0.343613 0.008052 0.038310
0 0.037836 0.343206 0.011682 0.039153
0 0.117306 0.338236 0.015320 0.040648
