0 0.439517 0.974745 0.016836 0.050481
0 0.533234 0.894785 0.017073 0.050782
0 0.551065 0.851965 0.014198 0.042069
0 0.446210 0.884167 0.021701 0.038222
0 0.415482 0.885789 0.010547 0.023440
0 0.408077 0.854419 0.012779 0.029208
0 0.432113 0.826292 0.011357 0.024880
0 0.455236 0.823227 0.010549 0.031731
0 0.483819 0.775616 0.018497 0.044139
0 0.349216 0.788826 0.014198 0.046875
0 0.498816 0.638206 0.013008 0.041560
0 0.343014 0.227269 0.013122 0.023185
0 0.905901 0.300475 0.011005 0.022606
0 0.827104 0.312310 0.011740 0.042083
0 0.820238 0.256785 0.007336 0.026782
0 0.719596 0.240389 0.010917 0.031093
0 0.622447 0.073690 0.007362 0.027472
