0 0.346090 0.671433 0.013352 0.044171
0 0.370008 0.628162 0.021297 0.040565
0 0.462362 0.620711 0.013859 0.044171
0 0.485012 0.590810 0.013185 0.039667
0 0.389841 0.566623 0.016760 0.031801
0 0.379349 0.551220 0.009578 0.025042
0 0.363431 0.557350 0.008451 0.026782
0 0.356107 0.547338 0.006198 0.022787
0 0.351059 0.508567 0.015549 0.042366
0 0.407513 0.515028 0.009802 0.026444
0 0.438952 0.516831 0.014029 0.041468
0 0.452142 0.432204 0.011128 0.043824
0 0.782430 0.173843 0.008453 0.041528
0 0.783693 0.112231 0.005927 0.023287
0 0.853316 0.170940 0.009128 0.022898
0 0.687423 0.113338 0.009456 0.026954
0 0.348014 0.089447 0.008216 0.018606
