0 0.562359 0.961764 0.013380 0.045324
0 0.476792 0.970278 0.019156 0.047324
0 0.451648 0.961387 0.008313 0.025542
0 0.434642 0.937604 0.010648 0.030347
0 0.456447 0.906053 0.010648 0.026144
0 0.478335 0.890576 0.010815 0.028245
0 0.509875 0.835079 0.014536 0.042370
0 0.576014 0.911370 0.015549 0.042370
0 0.365504 0.865789 0.018497 0.036347
0 0.512764 0.684174 0.012169 0.041468
0 0.925995 0.326687 0.011885 0.024634
0 0.846036 0.339630 0.011656 0.042315
0 0.839031 0.274220 0.007901 0.026042
0 0.734398 0.266134 0.010984 0.033806
0 0.630944 0.093368 0.007747 0.027532
0 0.347859 0.253782 0.012906 0.022583
