0 0.621056 0.720981 0.022008 0.029269
0 0.621991 0.741213 0.020836 0.030778
0 0.621094 0.519130 0.024510 0.030593
0 0.621128 0.495310 0.023557 0.031444
0 0.616124 0.474400 0.013695 0.027384
0 0.727820 0.262250 0.008313 0.036231
0 0.742632 0.213646 0.008883 0.039125
0 0.750539 0.212634 0.009047 0.038546
0 0.722579 0.199954 0.009211 0.040722
0 0.476819 0.233500 0.010924 0.037963
0 0.006732 0.577231 0.012677 0.037287
0 0.017510 0.544711 0.009781 0.032894
0 0.096596 0.420412 0.012620 0.039824
0 0.120544 0.398662 0.010917 0.029213
0 0.012007 0.314998 0.012326 0.033042
0 0.024928 0.291593 0.014555 0.038398
0 0.064602 0.307433 0.012552 0.037968
0 0.071224 0.302148 0.008224 0.036287
0 0.078870 0.301377 0.009448 0.036662
0 0.155443 0.292984 0.009880 0.026255
0 0.056404 0.176891 0.012130 0.038949
