0 0.461983 0.976910 0.015081 0.040431
0 0.667568 0.423812 0.024677 0.030338
0 0.669344 0.403294 0.023641 0.029708
0 0.665341 0.383484 0.015000 0.027097
0 0.767954 0.218391 0.010211 0.036310
0 0.798034 0.174231 0.009203 0.038259
0 0.788742 0.172926 0.010182 0.039472
0 0.767174 0.162319 0.011063 0.039130
0 0.539220 0.173014 0.010565 0.038259
0 0.008137 0.513002 0.015857 0.033755
0 0.009120 0.486664 0.018193 0.032866
0 0.019678 0.468139 0.021128 0.043269
0 0.103414 0.428741 0.014672 0.036519
0 0.113406 0.400863 0.009375 0.021616
0 0.123486 0.364674 0.011331 0.043042
0 0.210655 0.263148 0.008216 0.031926
0 0.168621 0.198278 0.008023 0.034296
0 0.161388 0.195623 0.006187 0.029468
0 0.154768 0.196831 0.007745 0.022218
0 0.021913 0.259440 0.010513 0.039269
0 0.028754 0.263062 0.008221 0.029125
0 0.042534 0.241095 0.009391 0.037560
0 0.071984 0.242824 0.009391 0.032759
0 0.017579 0.219350 0.011622 0.037144
0 0.112797 0.216157 0.009625 0.031509
0 0.118678 0.186023 0.011268 0.033389
0 0.146913 0.089618 0.011003 0.036662
