0 0.485116 0.751361 0.016357 0.052444
0 0.925290 0.888935 0.019492 0.050120
0 0.885496 0.768868 0.016070 0.043319
0 0.891266 0.847211 0.016750 0.040866
0 0.652978 0.264356 0.020763 0.028972
0 0.653792 0.248877 0.018828 0.028690
0 0.650755 0.232072 0.012677 0.025042
0 0.728486 0.115782 0.007482 0.036306
0 0.755249 0.075843 0.009451 0.035556
0 0.743839 0.074090 0.009453 0.037060
0 0.727077 0.073965 0.010013 0.036810
0 0.533840 0.076903 0.007982 0.038398
0 0.024448 0.288201 0.012813 0.041384
0 0.062987 0.341299 0.010120 0.027171
0 0.068591 0.328801 0.016302 0.035500
0 0.076688 0.313891 0.017490 0.039227
0 0.066757 0.146579 0.008805 0.041111
0 0.072273 0.150333 0.008568 0.029426
0 0.084891 0.130095 0.009859 0.034431
0 0.108961 0.133086 0.013802 0.036810
0 0.090861 0.146231 0.007466 0.017528
0 0.128095 0.070225 0.007508 0.023995
0 0.150934 0.083998 0.009263 0.034847
0 0.158289 0.261019 0.009375 0.027898
0 0.216496 0.148495 0.007878 0.017750
0 0.241207 0.138644 0.008315 0.025361
0 0.243096 0.307757 0.005604 0.023245
0 0.251447 0.306752 0.010529 0.032301
