0 0.986141 0.693051 0.016917 0.038815
0 0.975763 0.662600 0.018781 0.043995
0 0.987372 0.653016 0.010094 0.049042
0 0.879746 0.632727 0.013143 0.045694
0 0.989898 0.294044 0.015943 0.034449
0 0.835848 0.409725 0.009977 0.038949
0 0.807353 0.338859 0.008357 0.040579
0 0.500357 0.637451 0.009031 0.043273
0 0.490678 0.532340 0.010284 0.043069
0 0.517109 0.423678 0.010818 0.040866
0 0.106013 0.067169 0.008099 0.037144
0 0.145029 0.101144 0.009443 0.025120
0 0.145232 0.086713 0.011615 0.016546
0 0.153723 0.079708 0.011888 0.033454
0 0.616570 0.027637 0.010516 0.017097
0 0.615583 0.014181 0.007271 0.014472
