0 0.981546 0.640090 0.015398 0.039366
0 0.970645 0.608690 0.015904 0.045074
0 0.979010 0.603280 0.012693 0.048681
0 0.876500 0.585139 0.013896 0.045435
0 0.826569 0.368178 0.011003 0.039968
0 0.798169 0.299799 0.014625 0.042190
0 0.784948 0.320720 0.006323 0.023671
0 0.977760 0.260995 0.015568 0.039963
0 0.985704 0.271361 0.016242 0.024639
0 0.501427 0.582775 0.008099 0.042986
0 0.490544 0.485014 0.010917 0.042991
0 0.515107 0.392968 0.009870 0.043194
0 0.111262 0.040979 0.011268 0.035681
0 0.149307 0.071556 0.009375 0.021611
0 0.149145 0.061472 0.012310 0.017389
0 0.158520 0.052995 0.013612 0.031444
