0 0.573689 0.978676 0.015617 0.038944
0 0.585047 0.931979 0.015214 0.042190
0 0.444802 0.966796 0.011151 0.030676
0 0.464171 0.987560 0.012091 0.024204
0 0.486648 0.986412 0.019250 0.025667
0 0.465424 0.934243 0.010141 0.026792
0 0.485848 0.916965 0.009013 0.031301
0 0.371934 0.891882 0.013794 0.045431
0 0.518376 0.856713 0.013352 0.042370
0 0.517904 0.701481 0.012339 0.045972
0 0.350241 0.263116 0.013586 0.023648
0 0.853229 0.349192 0.013115 0.043069
0 0.845568 0.279380 0.007901 0.028296
0 0.933073 0.335442 0.012885 0.023912
0 0.738979 0.274769 0.011005 0.030574
0 0.634625 0.099947 0.008208 0.028079
