0 0.136741 0.139243 0.007607 0.026329
0 0.849171 0.472657 0.010367 0.039648
0 0.821880 0.450051 0.011740 0.022954
0 0.816803 0.390843 0.008732 0.032750
0 0.882579 0.704088 0.014372 0.045870
0 0.983487 0.743935 0.021479 0.047157
0 0.996452 0.729641 0.006820 0.041523
0 0.995387 0.774484 0.009159 0.041319
0 0.622982 0.049579 0.009906 0.014991
0 0.623169 0.039419 0.011542 0.019653
0 0.497324 0.723234 0.008320 0.042569
0 0.493208 0.601507 0.013859 0.047477
0 0.486371 0.588648 0.007826 0.019130
0 0.515188 0.473894 0.011552 0.045574
0 0.098654 0.103685 0.011620 0.039648
0 0.136810 0.124581 0.010937 0.016060
0 0.147371 0.114016 0.010461 0.032366
