0 0.984555 0.656792 0.013099 0.039315
0 0.982013 0.618481 0.011281 0.045824
0 0.973984 0.625366 0.014099 0.044074
0 0.875957 0.600245 0.016414 0.043269
0 0.830003 0.380845 0.009875 0.038810
0 0.802973 0.312345 0.009294 0.039477
0 0.788214 0.333632 0.006521 0.021884
0 0.980901 0.269035 0.017797 0.035144
0 0.989699 0.282477 0.015253 0.024491
0 0.614219 0.009264 0.010760 0.016694
0 0.500512 0.599345 0.010987 0.044773
0 0.490172 0.499187 0.009859 0.041069
0 0.516247 0.403007 0.012000 0.046273
0 0.109980 0.049808 0.009508 0.036727
0 0.149104 0.079806 0.008802 0.020435
0 0.148322 0.069560 0.012065 0.017537
0 0.157487 0.060655 0.012474 0.030449
