0 0.651139 0.478187 0.022826 0.032125
0 0.651493 0.455924 0.022497 0.031301
0 0.647141 0.435838 0.013401 0.029389
0 0.757250 0.245007 0.008901 0.037560
0 0.776368 0.198843 0.007747 0.039065
0 0.782990 0.198465 0.009438 0.038310
0 0.755522 0.186447 0.009154 0.041819
0 0.514921 0.205063 0.010648 0.042069
0 0.060228 0.498669 0.015211 0.041468
0 0.071975 0.468620 0.009971 0.026444
0 0.088033 0.433162 0.012674 0.039667
0 0.152587 0.360725 0.011737 0.035894
0 0.175796 0.334063 0.012112 0.031551
0 0.029060 0.296470 0.012339 0.032755
0 0.069182 0.262576 0.010750 0.034977
0 0.079122 0.235530 0.013995 0.040023
0 0.117760 0.249773 0.011766 0.037500
0 0.123568 0.248333 0.007760 0.037500
0 0.131928 0.247875 0.011034 0.037352
0 0.109579 0.131155 0.011268 0.038560
