0 0.454223 0.968456 0.017138 0.032551
0 0.449174 0.934859 0.028875 0.044236
0 0.491909 0.690880 0.022781 0.063556
0 0.531367 0.046620 0.009016 0.035056
0 0.044654 0.248662 0.016198 0.044657
0 0.094189 0.268692 0.017607 0.032551
0 0.085842 0.281278 0.015023 0.031509
0 0.081440 0.298178 0.011854 0.031931
0 0.167757 0.219025 0.008997 0.025218
0 0.089241 0.173674 0.011836 0.037560
0 0.080454 0.113002 0.009742 0.039227
0 0.086147 0.116444 0.007279 0.026500
0 0.098185 0.097502 0.010000 0.036810
0 0.103947 0.104852 0.005232 0.017269
0 0.122151 0.098900 0.011682 0.024755
0 0.161164 0.054123 0.011740 0.035819
0 0.141210 0.046380 0.007044 0.021037
0 0.248258 0.096977 0.009156 0.015028
0 0.226074 0.110644 0.008451 0.019824
0 0.910038 0.787139 0.015846 0.046954
0 0.872928 0.680650 0.015398 0.046273
0 0.648208 0.219620 0.020458 0.026954
0 0.649676 0.204912 0.018831 0.025648
0 0.646089 0.187708 0.013380 0.024417
0 0.715277 0.085000 0.008461 0.034222
0 0.741217 0.047440 0.010107 0.034222
0 0.730361 0.043785 0.008346 0.033597
0 0.716158 0.047125 0.008815 0.035685
