0 0.992422 0.756181 0.015156 0.044824
0 0.981259 0.722125 0.022112 0.045324
0 0.994569 0.710981 0.007607 0.046074
0 0.882600 0.687676 0.012326 0.045491
0 0.846081 0.456442 0.010000 0.039560
0 0.818474 0.433153 0.010000 0.022537
0 0.813975 0.376713 0.008581 0.026917
0 0.498456 0.701303 0.009859 0.044449
0 0.493069 0.584301 0.014909 0.048204
0 0.516180 0.459558 0.011156 0.043273
0 0.100204 0.094488 0.009497 0.036866
0 0.139233 0.130363 0.010680 0.027532
0 0.138784 0.116525 0.011411 0.020431
0 0.149178 0.106238 0.011331 0.032894
0 0.621397 0.054560 0.010435 0.016231
0 0.621357 0.040433 0.011005 0.014347
0 0.621111 0.030653 0.009701 0.017389
