0 0.879742 0.651106 0.016443 0.044343
0 0.990230 0.714090 0.014185 0.040866
0 0.979419 0.681500 0.016328 0.047370
0 0.988299 0.669815 0.011740 0.045491
0 0.838979 0.425970 0.010568 0.040745
0 0.810086 0.347914 0.008042 0.032051
0 0.993133 0.306975 0.013521 0.034810
0 0.499876 0.658512 0.008299 0.044171
0 0.490423 0.548181 0.011445 0.045213
0 0.517626 0.437757 0.012815 0.043995
0 0.104495 0.075676 0.009000 0.036167
0 0.143180 0.109845 0.009682 0.026255
0 0.143229 0.097324 0.012911 0.017565
0 0.152423 0.087674 0.012128 0.035477
0 0.616855 0.011294 0.008872 0.018782
0 0.616837 0.021731 0.008695 0.014009
0 0.617618 0.036646 0.008898 0.017023
