0 0.632318 0.880498 0.013099 0.036560
0 0.579333 0.821046 0.024943 0.032519
0 0.577346 0.797951 0.022495 0.030431
0 0.572337 0.577852 0.023841 0.031880
0 0.571236 0.552660 0.026997 0.033042
0 0.565027 0.531618 0.014581 0.026782
0 0.677530 0.285030 0.008169 0.041069
0 0.686969 0.233549 0.007745 0.043819
0 0.694716 0.232544 0.006901 0.042319
0 0.668164 0.218773 0.010422 0.043824
0 0.415630 0.277525 0.010927 0.038838
0 0.076268 0.377211 0.013615 0.031718
0 0.013447 0.508694 0.014367 0.036056
0 0.027772 0.532759 0.013805 0.032306
