0 0.618531 0.476687 0.008573 0.037144
0 0.589622 0.495368 0.010964 0.041940
0 0.519306 0.496037 0.013523 0.046880
0 0.486262 0.499794 0.013690 0.042968
0 0.546266 0.459525 0.012677 0.044773
0 0.491618 0.420419 0.007336 0.023653
0 0.508001 0.426854 0.007044 0.029912
0 0.507121 0.407201 0.004893 0.011477
0 0.579755 0.401778 0.007182 0.039815
0 0.527428 0.390634 0.007607 0.028046
0 0.499961 0.379741 0.013802 0.033806
0 0.595573 0.331100 0.010141 0.043273
0 0.958547 0.152211 0.013609 0.041829
0 0.970007 0.063509 0.008133 0.025241
0 0.864850 0.078546 0.009487 0.029389
