0 0.350289 0.649194 0.013969 0.049574
0 0.374814 0.609796 0.018862 0.045435
0 0.465674 0.602500 0.013859 0.043574
0 0.488493 0.574704 0.012846 0.039667
0 0.443491 0.501259 0.016227 0.040389
0 0.410836 0.498014 0.010547 0.025241
0 0.357289 0.495310 0.017443 0.045796
0 0.358303 0.530826 0.008112 0.027403
0 0.368044 0.539301 0.009745 0.027046
0 0.382643 0.531361 0.009734 0.024870
0 0.391669 0.551021 0.014807 0.034616
0 0.456845 0.417630 0.010706 0.038565
0 0.859198 0.162231 0.007750 0.021880
0 0.790344 0.164931 0.011990 0.039019
0 0.790646 0.097456 0.006188 0.018986
0 0.693454 0.104528 0.009049 0.028111
