0 0.845435 0.562576 0.015062 0.025736
0 0.839199 0.503000 0.011044 0.045491
0 0.636168 0.114852 0.018487 0.026083
0 0.632402 0.100333 0.012128 0.022435
0 0.686961 0.025373 0.006115 0.031301
0 0.485400 0.887514 0.012169 0.046278
0 0.477792 0.730613 0.011552 0.029301
0 0.486668 0.725979 0.011826 0.053588
0 0.507868 0.562292 0.010945 0.050630
0 0.078574 0.164176 0.011326 0.038463
0 0.117783 0.203690 0.009544 0.023907
0 0.118766 0.188185 0.013448 0.018981
0 0.128624 0.177968 0.015253 0.033333
0 0.137326 0.081687 0.010516 0.034634
0 0.107781 0.046340 0.009292 0.035301
0 0.111350 0.048512 0.007826 0.026431
0 0.873125 0.590648 0.013792 0.042907
0 0.122746 0.032255 0.009487 0.037389
0 0.144755 0.032602 0.011443 0.025213
