0 0.476113 0.844167 0.015508 0.060750
0 0.903902 0.895259 0.021919 0.048315
0 0.910068 0.974764 0.019562 0.032750
0 0.659582 0.326431 0.020648 0.028500
0 0.660443 0.308215 0.020641 0.028866
0 0.656145 0.290914 0.013805 0.022782
0 0.745267 0.155991 0.009195 0.036519
0 0.774216 0.115100 0.007932 0.037579
0 0.762087 0.113961 0.009107 0.038431
0 0.743208 0.107799 0.009302 0.038931
0 0.536536 0.115637 0.008438 0.037264
0 0.005408 0.341046 0.010211 0.021491
0 0.042069 0.410512 0.015211 0.043069
0 0.045026 0.392481 0.019156 0.041565
0 0.054042 0.372824 0.016901 0.040315
0 0.066930 0.418398 0.015917 0.045324
0 0.050435 0.191403 0.009859 0.039565
0 0.055647 0.191655 0.008451 0.027042
0 0.069874 0.172873 0.011549 0.037560
0 0.095368 0.176630 0.010987 0.038065
0 0.043865 0.156116 0.009865 0.034778
0 0.138620 0.123736 0.010797 0.034639
0 0.144605 0.157435 0.008451 0.030676
0 0.141596 0.315757 0.010562 0.031301
0 0.132357 0.336051 0.010599 0.037333
0 0.145332 0.274234 0.011737 0.039560
0 0.228557 0.370590 0.006115 0.022218
0 0.237388 0.369745 0.011141 0.032361
0 0.205992 0.214806 0.009375 0.019565
0 0.229876 0.189025 0.008560 0.033042
0 0.186513 0.127715 0.008031 0.019653
0 0.179520 0.125803 0.005977 0.016171
0 0.163161 0.037153 0.009578 0.035806
0 0.112505 0.101282 0.009292 0.018546
