0 0.472085 0.877192 0.012138 0.060847
0 0.911772 0.950863 0.020565 0.047579
0 0.661715 0.353144 0.021680 0.029685
0 0.662281 0.334734 0.020932 0.028171
0 0.658663 0.316042 0.014477 0.023824
0 0.751891 0.173588 0.008411 0.036343
0 0.780837 0.131583 0.010201 0.038815
0 0.769281 0.129391 0.009391 0.037773
0 0.749738 0.124278 0.010680 0.039231
0 0.538125 0.129368 0.010271 0.036171
0 0.032224 0.436463 0.019953 0.041213
0 0.035237 0.416604 0.019073 0.037218
0 0.045117 0.398120 0.019719 0.043194
0 0.124415 0.361933 0.011544 0.036866
0 0.133708 0.339326 0.008021 0.029218
0 0.139919 0.297104 0.011052 0.042255
0 0.042181 0.207394 0.009508 0.039648
0 0.047639 0.213028 0.008451 0.030046
0 0.062277 0.191699 0.008570 0.036935
0 0.089802 0.192014 0.008922 0.029630
0 0.037040 0.173546 0.009977 0.035269
0 0.135697 0.173984 0.010799 0.028588
0 0.132590 0.140387 0.010909 0.033181
0 0.159258 0.051167 0.010661 0.034954
0 0.181668 0.148030 0.008898 0.029588
0 0.174669 0.144347 0.006318 0.020769
0 0.224669 0.208500 0.009156 0.031509
0 0.230181 0.394049 0.012336 0.036310
0 0.222023 0.397181 0.005646 0.029213
