0 0.631641 0.703361 0.025354 0.035806
0 0.631740 0.505838 0.026760 0.034306
0 0.632049 0.483153 0.025073 0.033556
0 0.628176 0.461491 0.013945 0.028796
0 0.738624 0.258655 0.009122 0.037968
0 0.763100 0.206715 0.008216 0.035995
0 0.755665 0.210801 0.008805 0.042426
0 0.737081 0.195412 0.013891 0.039824
0 0.491352 0.224995 0.011656 0.039417
0 0.024880 0.549755 0.015375 0.040676
0 0.037505 0.516269 0.010271 0.029130
0 0.116470 0.401308 0.015023 0.039653
0 0.139958 0.375657 0.010271 0.025361
0 0.032780 0.297269 0.010445 0.032556
0 0.043732 0.273356 0.013146 0.034398
0 0.083577 0.287625 0.011331 0.033620
0 0.090262 0.282262 0.007091 0.037394
0 0.098005 0.281391 0.009865 0.036227
0 0.075701 0.161109 0.011818 0.037921
0 0.173126 0.275741 0.012961 0.024491
