0 0.104160 0.241197 0.014430 0.036810
0 0.089892 0.091458 0.008602 0.037213
0 0.094982 0.094241 0.008021 0.026778
0 0.106314 0.075171 0.009742 0.033806
0 0.111889 0.080387 0.004695 0.016273
0 0.128966 0.085396 0.008099 0.019199
0 0.130492 0.077674 0.014672 0.027125
0 0.167620 0.034396 0.009625 0.030671
0 0.233405 0.085333 0.008029 0.015528
0 0.255801 0.076944 0.007747 0.016278
0 0.175710 0.191794 0.008315 0.027995
0 0.899286 0.721426 0.013693 0.043870
0 0.863238 0.624669 0.013122 0.044329
0 0.645009 0.191120 0.019602 0.024185
0 0.646184 0.175458 0.019133 0.025037
0 0.642486 0.160227 0.011503 0.022954
0 0.706891 0.066637 0.006927 0.032764
0 0.707954 0.030257 0.007263 0.035514
0 0.719491 0.025771 0.008477 0.035792
0 0.730370 0.028961 0.007589 0.035505
0 0.530297 0.028981 0.006948 0.034556
0 0.463520 0.887447 0.017372 0.028588
0 0.459095 0.856887 0.024003 0.030347
0 0.495723 0.649759 0.014367 0.057093
0 0.055095 0.221345 0.011492 0.041940
0 0.094460 0.266630 0.011331 0.027676
0 0.096742 0.252428 0.014266 0.028255
0 0.105057 0.143799 0.010760 0.034606
