0 0.130230 0.102810 0.015352 0.038565
0 0.888224 0.885914 0.021354 0.046356
0 0.881076 0.626773 0.013036 0.050750
0 0.852529 0.599201 0.017984 0.032366
0 0.845831 0.538542 0.013260 0.048750
0 0.639975 0.133667 0.018992 0.027519
0 0.635618 0.116669 0.012357 0.021736
0 0.637836 0.144375 0.017547 0.020352
0 0.692930 0.038567 0.006693 0.034847
0 0.480823 0.938137 0.011974 0.049329
0 0.474547 0.775380 0.013521 0.033306
0 0.483914 0.758227 0.015917 0.046074
0 0.506366 0.583894 0.012112 0.046574
0 0.073001 0.179810 0.010284 0.040315
0 0.111440 0.222141 0.008885 0.026227
0 0.113518 0.210185 0.015161 0.026667
0 0.121262 0.196565 0.014185 0.034491
0 0.103254 0.059648 0.008544 0.036528
0 0.108069 0.062315 0.007076 0.025565
0 0.118581 0.045935 0.008885 0.035630
0 0.124042 0.058188 0.008396 0.016088
0 0.140426 0.046234 0.012633 0.026375
