0 0.874816 0.561213 0.015549 0.046880
0 0.964504 0.581741 0.017607 0.046602
0 0.976243 0.575220 0.009586 0.046079
0 0.820742 0.345988 0.009578 0.038810
0 0.792993 0.280222 0.014909 0.041315
0 0.779397 0.300389 0.006529 0.025796
0 0.969366 0.242225 0.016315 0.040273
0 0.975945 0.250674 0.014448 0.025875
0 0.500967 0.552597 0.009310 0.044574
0 0.489680 0.458329 0.009781 0.039824
0 0.514533 0.377991 0.011143 0.045824
0 0.112641 0.028731 0.011021 0.038398
0 0.150266 0.045426 0.013031 0.016278
0 0.150266 0.056588 0.011151 0.020241
0 0.160599 0.037076 0.013021 0.030051
