0 0.469507 0.840544 0.016404 0.020773
0 0.470099 0.813194 0.015552 0.036361
0 0.500634 0.622176 0.014117 0.050194
0 0.529509 0.018433 0.007982 0.034431
0 0.886344 0.958104 0.019615 0.044866
0 0.891525 0.683581 0.014945 0.043319
0 0.860719 0.651012 0.017625 0.025042
0 0.855993 0.585822 0.013102 0.041319
0 0.643188 0.173565 0.019073 0.026954
0 0.643717 0.158424 0.017362 0.025356
0 0.639717 0.142046 0.011831 0.020722
0 0.700590 0.055514 0.007638 0.033565
0 0.723458 0.017120 0.007339 0.033056
0 0.714026 0.017449 0.009578 0.034898
0 0.702966 0.020002 0.007755 0.036310
0 0.065556 0.203565 0.015211 0.039361
0 0.101299 0.247558 0.010432 0.024199
0 0.104478 0.235819 0.015977 0.029417
0 0.112099 0.221910 0.015406 0.032023
0 0.179793 0.175248 0.008159 0.024782
0 0.116777 0.127632 0.015742 0.037144
0 0.095643 0.078981 0.008885 0.038546
0 0.100777 0.081593 0.007581 0.028111
0 0.111435 0.064137 0.009682 0.036866
0 0.117841 0.074225 0.008021 0.016690
0 0.134177 0.064486 0.012323 0.026778
0 0.171728 0.023065 0.009508 0.035472
0 0.150753 0.021039 0.008688 0.022745
0 0.237703 0.072229 0.008641 0.017245
0 0.259305 0.063463 0.004891 0.016806
