0 0.973087 0.643350 0.020060 0.045356
0 0.984133 0.635884 0.010562 0.047574
0 0.878409 0.615671 0.017057 0.043991
0 0.992529 0.295535 0.014943 0.025662
0 0.984577 0.280833 0.019956 0.034083
0 0.833052 0.394914 0.011974 0.039060
0 0.804723 0.324519 0.010523 0.038111
0 0.517310 0.415215 0.010224 0.045866
0 0.490855 0.515637 0.009591 0.042819
0 0.500940 0.618178 0.008182 0.043069
0 0.108897 0.057294 0.011492 0.036958
0 0.146842 0.091248 0.010310 0.025542
0 0.146406 0.076414 0.011984 0.015505
0 0.155902 0.069241 0.012555 0.030722
0 0.984255 0.673567 0.017615 0.037097
