0 0.343570 0.696546 0.010693 0.043611
0 0.364816 0.649491 0.017497 0.039648
0 0.462212 0.638139 0.013242 0.045074
0 0.484185 0.607722 0.012958 0.039833
0 0.436586 0.533269 0.016057 0.043269
0 0.406837 0.533417 0.010648 0.029148
0 0.385793 0.585701 0.018930 0.031551
0 0.360947 0.574435 0.009128 0.026444
0 0.374047 0.572181 0.009635 0.026139
0 0.354523 0.563769 0.007099 0.023139
0 0.344889 0.523653 0.012846 0.043269
0 0.450008 0.447127 0.010974 0.040069
0 0.850605 0.178882 0.008888 0.022042
0 0.779740 0.182646 0.009438 0.041819
0 0.780431 0.124079 0.007247 0.020676
0 0.683914 0.122655 0.009776 0.031301
