0 0.990664 0.784500 0.015599 0.046324
0 0.883387 0.743600 0.016549 0.042986
0 0.855158 0.503579 0.012169 0.039667
0 0.829016 0.479660 0.016240 0.024940
0 0.821992 0.416882 0.009286 0.028588
0 0.625456 0.056009 0.010432 0.020287
0 0.626148 0.066153 0.011656 0.016231
0 0.093880 0.119294 0.013380 0.036810
0 0.131487 0.156845 0.010281 0.029273
0 0.132474 0.141831 0.012818 0.018782
0 0.142607 0.132940 0.010859 0.033556
0 0.122086 0.013924 0.006635 0.026292
0 0.494352 0.766326 0.009349 0.042912
0 0.494319 0.635507 0.008607 0.049329
0 0.485100 0.631627 0.010706 0.033051
0 0.514328 0.496516 0.009312 0.046875
