0 0.874901 0.539123 0.012208 0.040486
0 0.965355 0.556005 0.014648 0.044074
0 0.974297 0.549368 0.009427 0.043319
0 0.961423 0.223238 0.014081 0.037060
0 0.968329 0.232252 0.014648 0.026542
0 0.814460 0.326181 0.011690 0.038815
0 0.788090 0.261296 0.013857 0.040333
0 0.774156 0.281461 0.006385 0.026690
0 0.499401 0.527604 0.007995 0.041523
0 0.488667 0.435870 0.009859 0.039231
0 0.511376 0.363692 0.009029 0.043569
0 0.150266 0.042317 0.007182 0.017532
0 0.150876 0.033259 0.012299 0.015361
0 0.160699 0.023623 0.011893 0.027681
0 0.112763 0.016859 0.010448 0.033718
