0 0.654234 0.649021 0.016057 0.025792
0 0.658516 0.465155 0.023380 0.033736
0 0.659792 0.442317 0.022068 0.034431
0 0.655473 0.422289 0.013206 0.027477
0 0.763578 0.240100 0.009781 0.038597
0 0.791310 0.192387 0.008156 0.036829
0 0.783569 0.193896 0.007065 0.038884
0 0.762538 0.180576 0.009456 0.037532
0 0.526354 0.196692 0.010271 0.036662
0 0.075388 0.478437 0.014437 0.039440
0 0.086775 0.452039 0.009273 0.031718
0 0.102340 0.413741 0.014227 0.047074
0 0.169243 0.340109 0.011268 0.029005
0 0.188948 0.313956 0.009375 0.035505
0 0.144846 0.233706 0.009286 0.038394
0 0.137693 0.233185 0.007161 0.036102
0 0.131296 0.234227 0.009388 0.031509
0 0.093852 0.221812 0.011974 0.035894
0 0.085048 0.247896 0.010331 0.031301
0 0.016382 0.276903 0.014555 0.035056
0 0.045199 0.278780 0.012794 0.032134
0 0.124415 0.118498 0.012326 0.037736
