0 0.358741 0.623963 0.014086 0.051083
0 0.382967 0.590662 0.017466 0.045574
0 0.396003 0.531914 0.020281 0.036662
0 0.376312 0.522449 0.008958 0.029148
0 0.366086 0.515088 0.007437 0.026444
0 0.367945 0.478278 0.014536 0.045370
0 0.415779 0.478727 0.008453 0.025241
0 0.450007 0.483687 0.017070 0.039366
0 0.471706 0.585204 0.013792 0.046880
0 0.496451 0.555264 0.013385 0.042528
0 0.463917 0.402306 0.011271 0.039565
0 0.800169 0.155428 0.014380 0.040319
0 0.800562 0.084021 0.006661 0.020347
0 0.703513 0.093609 0.009307 0.028014
0 0.391516 0.508192 0.010026 0.023912
