0 0.883521 0.783755 0.017240 0.043870
0 0.990997 0.830451 0.018005 0.051384
0 0.862720 0.538037 0.011357 0.044713
0 0.835440 0.511176 0.017646 0.027046
0 0.829730 0.448199 0.008909 0.030417
0 0.628216 0.072442 0.010172 0.020171
0 0.629439 0.083657 0.013596 0.015824
0 0.679148 0.011528 0.008333 0.022222
0 0.492094 0.810750 0.015089 0.045000
0 0.492263 0.666532 0.011281 0.044574
0 0.482763 0.666535 0.009719 0.026542
0 0.512793 0.522799 0.011549 0.049329
0 0.089217 0.136148 0.012393 0.039315
0 0.126892 0.172644 0.008435 0.021639
0 0.127289 0.159764 0.011604 0.017611
0 0.137809 0.150463 0.013654 0.031398
0 0.114543 0.024421 0.008638 0.034778
0 0.118129 0.026738 0.006195 0.024347
0 0.149842 0.047051 0.009508 0.024833
0 0.150690 0.011921 0.012073 0.023343
