0 0.468885 0.897530 0.016417 0.073560
0 0.915882 0.977870 0.022310 0.044259
0 0.663534 0.366403 0.023281 0.031648
0 0.663621 0.347257 0.021128 0.029042
0 0.659405 0.328840 0.013107 0.026255
0 0.754915 0.182593 0.009701 0.038398
0 0.784271 0.137551 0.008568 0.039231
0 0.772826 0.138905 0.010328 0.040690
0 0.753107 0.130037 0.010328 0.039648
0 0.537036 0.138282 0.011620 0.036935
0 0.027111 0.452102 0.018779 0.043194
0 0.029987 0.430400 0.021010 0.038606
0 0.039025 0.411725 0.019367 0.045069
0 0.120551 0.375644 0.012716 0.038833
0 0.130598 0.352002 0.010956 0.032690
0 0.135456 0.308845 0.013521 0.047079
0 0.222087 0.219787 0.006924 0.030259
0 0.039236 0.218312 0.010648 0.039662
0 0.044052 0.222069 0.010141 0.029750
0 0.058081 0.202227 0.010479 0.039343
0 0.086309 0.202086 0.010815 0.028847
0 0.032892 0.182231 0.011576 0.035648
0 0.131046 0.181912 0.010143 0.031731
0 0.130342 0.149887 0.011737 0.031995
0 0.156465 0.058403 0.009456 0.034056
0 0.179443 0.158442 0.007937 0.028347
0 0.172207 0.155225 0.006357 0.021218
