0 0.399154 0.945032 0.016833 0.047954
0 0.404632 0.894009 0.021294 0.049759
0 0.506797 0.831389 0.011984 0.044028
0 0.529174 0.792988 0.012115 0.038310
0 0.408384 0.804127 0.021482 0.039060
0 0.389284 0.809384 0.009312 0.029148
0 0.391480 0.776331 0.008638 0.032153
0 0.407961 0.754097 0.011849 0.022537
0 0.439230 0.747185 0.009820 0.027343
0 0.465938 0.715935 0.011849 0.042972
0 0.342259 0.716127 0.018862 0.045060
0 0.483878 0.591380 0.012677 0.041167
0 0.338391 0.196796 0.012432 0.020648
0 0.887836 0.271995 0.010740 0.022704
0 0.810647 0.283185 0.012440 0.040898
0 0.804092 0.237512 0.007326 0.027042
0 0.706120 0.213109 0.010026 0.029708
0 0.614863 0.051447 0.008893 0.027532
