0 0.485046 0.738269 0.012924 0.057120
0 0.533212 0.068806 0.008966 0.035500
0 0.921320 0.861373 0.017036 0.047162
0 0.882958 0.742400 0.016396 0.039968
0 0.652206 0.253831 0.020000 0.029301
0 0.652346 0.236553 0.019437 0.029801
0 0.648544 0.219650 0.013521 0.023042
0 0.724910 0.106421 0.008628 0.034176
0 0.751664 0.068678 0.009438 0.036810
0 0.740254 0.065174 0.008591 0.036310
0 0.723703 0.065926 0.009297 0.038315
0 0.030258 0.276514 0.011542 0.040343
0 0.067878 0.327745 0.011641 0.026778
0 0.073691 0.317477 0.015638 0.038935
0 0.080594 0.301051 0.016922 0.035648
0 0.070197 0.137500 0.007982 0.038815
0 0.075888 0.140632 0.008802 0.026708
0 0.088384 0.122058 0.008695 0.035477
0 0.112100 0.122789 0.011503 0.031931
0 0.095074 0.136771 0.007055 0.018569
0 0.132103 0.064507 0.008695 0.021375
0 0.153059 0.075977 0.010799 0.037556
0 0.219932 0.139470 0.008151 0.017968
0 0.242349 0.129470 0.007339 0.027819
0 0.159576 0.249731 0.009906 0.027843
