0 0.389493 0.921910 0.022888 0.042569
0 0.395025 0.866884 0.016622 0.047324
0 0.382930 0.785257 0.008490 0.029588
0 0.401930 0.779056 0.022359 0.041259
0 0.499865 0.810532 0.015141 0.043380
0 0.522066 0.772032 0.013206 0.039296
0 0.386008 0.750403 0.013380 0.030259
0 0.399448 0.730891 0.008333 0.024625
0 0.433910 0.723528 0.009508 0.027963
0 0.460902 0.695132 0.013664 0.040569
0 0.340109 0.692586 0.018052 0.046153
0 0.478368 0.576479 0.012674 0.046875
0 0.337168 0.187507 0.011445 0.022431
0 0.882178 0.262308 0.009857 0.023671
0 0.805177 0.273421 0.013240 0.040565
0 0.798628 0.232102 0.008875 0.027546
0 0.701902 0.204322 0.010018 0.028375
0 0.612253 0.044345 0.007458 0.028847
