0 0.359023 0.829296 0.018734 0.050833
0 0.369661 0.767516 0.016630 0.051560
0 0.379398 0.696301 0.013792 0.042546
0 0.370169 0.688910 0.008318 0.029208
0 0.367883 0.664306 0.010000 0.027796
0 0.372312 0.652035 0.007901 0.021782
0 0.419874 0.632831 0.012852 0.029079
0 0.442655 0.621407 0.016940 0.047769
0 0.475242 0.735046 0.012958 0.041065
0 0.498586 0.699947 0.011740 0.037977
0 0.336759 0.608961 0.013690 0.036662
0 0.459592 0.518715 0.010680 0.040903
0 0.333728 0.148676 0.012794 0.022537
0 0.861477 0.226229 0.009859 0.020375
0 0.787816 0.234690 0.009273 0.041731
0 0.782629 0.195773 0.008570 0.027130
0 0.687536 0.168926 0.010026 0.030139
0 0.604543 0.014979 0.008805 0.027338
