0 0.466747 0.506498 0.010703 0.047079
0 0.497454 0.500866 0.011549 0.045324
0 0.523934 0.464125 0.013805 0.051472
0 0.569348 0.501477 0.013997 0.043269
0 0.598656 0.479840 0.011766 0.038940
0 0.558885 0.406421 0.010661 0.038259
0 0.468988 0.426569 0.007607 0.022287
0 0.485889 0.434708 0.007888 0.028546
0 0.487728 0.414424 0.007617 0.017532
0 0.479401 0.388257 0.012396 0.031801
0 0.508076 0.395144 0.006339 0.022537
0 0.573242 0.335245 0.011156 0.042185
0 0.931828 0.144676 0.014536 0.039361
0 0.941753 0.055433 0.008901 0.022606
0 0.836908 0.073146 0.008841 0.029384
