0 0.466124 0.865475 0.018451 0.024792
0 0.464125 0.837706 0.019297 0.036060
0 0.887040 0.979602 0.013987 0.040796
0 0.895010 0.702736 0.013099 0.043574
0 0.864404 0.670095 0.019156 0.028319
0 0.859980 0.603965 0.015060 0.038458
0 0.644572 0.166741 0.020284 0.028046
0 0.644431 0.181012 0.020846 0.026042
0 0.640839 0.151338 0.012818 0.023287
0 0.703686 0.061183 0.008706 0.034949
0 0.705301 0.024056 0.007826 0.035130
0 0.716500 0.021620 0.008120 0.036519
0 0.727309 0.023100 0.006654 0.033218
0 0.498086 0.637231 0.014349 0.053657
0 0.529741 0.023806 0.007763 0.034056
0 0.060079 0.211347 0.013862 0.040870
0 0.097350 0.255819 0.010987 0.024037
0 0.100477 0.243648 0.013859 0.028546
0 0.108842 0.231632 0.016732 0.032755
0 0.109806 0.136736 0.012169 0.039361
0 0.092734 0.085201 0.010479 0.042069
0 0.097130 0.085954 0.007099 0.025537
0 0.113525 0.077389 0.010143 0.019833
0 0.108370 0.070928 0.009635 0.036958
0 0.132879 0.072581 0.013690 0.028847
0 0.169310 0.026465 0.011031 0.032764
0 0.148592 0.025632 0.006924 0.021495
0 0.177432 0.183579 0.006849 0.027389
0 0.256887 0.067722 0.007747 0.017111
0 0.235276 0.078551 0.009391 0.016694
