0 0.387645 0.570854 0.015352 0.042819
0 0.410462 0.552074 0.011971 0.046324
0 0.493915 0.548137 0.015211 0.041829
0 0.518751 0.521748 0.011638 0.038255
0 0.422671 0.498134 0.023727 0.039315
0 0.402702 0.485037 0.008872 0.028796
0 0.389180 0.477653 0.008875 0.023537
0 0.395479 0.444894 0.011833 0.045074
0 0.414409 0.468775 0.009802 0.023755
0 0.436046 0.442340 0.009128 0.025542
0 0.474793 0.449873 0.017487 0.040273
0 0.488695 0.370685 0.011656 0.039704
0 0.828533 0.136595 0.012315 0.038255
0 0.897560 0.134993 0.009724 0.021375
0 0.832353 0.057308 0.006174 0.019421
0 0.733171 0.073398 0.008945 0.027778
