0 0.342879 0.724977 0.012169 0.050481
0 0.362829 0.675100 0.013195 0.047477
0 0.379421 0.607907 0.018424 0.035157
0 0.360068 0.592884 0.009802 0.029148
0 0.355250 0.579361 0.005578 0.023139
0 0.370885 0.591532 0.006760 0.020435
0 0.342320 0.540600 0.013859 0.041764
0 0.407227 0.552319 0.010479 0.028546
0 0.435622 0.550095 0.015552 0.042366
0 0.462413 0.657500 0.012570 0.044352
0 0.484118 0.626845 0.013794 0.040014
0 0.450437 0.462025 0.012115 0.042069
0 0.850168 0.188051 0.009742 0.022241
0 0.779126 0.192623 0.008815 0.042569
0 0.778047 0.138785 0.007172 0.023792
0 0.682340 0.131164 0.009852 0.030310
